DATA_TYPE,TIS_DATA_REQUEST,SITE_XN_ROUTE,LOC_LEG,DATE,TIME,CLASS,LANE,SPEED,WHEELBASE,HEADWAY,GAP,AXLE,AXLE_GROUPING,RHO,VEHICLE,DIRECTION
IND,208,6423,59460,15/03/2021,04:39:18,15,0,18.6,1.2,11741.7,11741.7,2,1,1.00,CYCLE,N
IND,208,6423,59461,15/03/2021,05:05:42,15,1,20.7,1.1,386.1,386.0,2,1,1.00,CYCLE,S
IND,208,6423,59460,15/03/2021,05:24:48,15,0,6.0,0.3,2730.5,2730.3,2,1,1.00,CYCLE,N
IND,208,6423,59460,15/03/2021,05:32:39,15,0,26.4,1.1,470.2,470.0,2,1,1.00,CYCLE,N
IND,208,6423,59461,15/03/2021,05:43:31,15,1,24.9,1.0,2269.4,2269.2,2,1,1.00,CYCLE,S
IND,208,6423,59461,15/03/2021,05:57:28,15,1,20.5,1.1,56.2,55.6,2,1,1.00,CYCLE,S
IND,208,6423,59460,15/03/2021,06:12:57,15,0,2.3,0.4,777.8,777.6,2,1,0.80,CYCLE,N
IND,208,6423,59461,15/03/2021,06:15:12,15,1,19.7,1.0,730.0,728.9,2,1,1.00,CYCLE,S
IND,208,6423,59461,15/03/2021,06:16:24,15,1,2.1,0.2,71.5,71.8,2,1,1.00,CYCLE,S
IND,208,6423,59460,15/03/2021,06:21:34,15,0,31.8,1.0,517.6,517.0,2,1,1.00,CYCLE,N
IND,208,6423,59461,15/03/2021,06:39:01,15,1,25.0,1.0,1357.2,1356.2,2,1,1.00,CYCLE,S
IND,208,6423,59460,15/03/2021,06:39:35,15,0,21.4,1.1,1080.9,1080.8,2,1,1.00,CYCLE,N
IND,208,6423,59460,15/03/2021,06:48:58,15,0,29.5,1.0,562.4,562.2,2,1,1.00,CYCLE,N
IND,208,6423,59461,15/03/2021,07:15:50,15,1,16.3,1.1,638.4,638.0,2,1,1.00,CYCLE,S
IND,208,6423,59460,15/03/2021,07:30:10,15,0,24.3,1.1,2472.6,2472.4,2,1,1.00,CYCLE,N
IND,208,6423,59460,15/03/2021,07:34:10,15,0,21.0,1.2,240.4,240.2,2,1,1.00,CYCLE,N
IND,208,6423,59461,15/03/2021,07:41:14,15,1,18.5,1.0,737.9,737.0,2,1,1.00,CYCLE,S
IND,208,6423,59461,15/03/2021,07:48:41,15,1,2.4,0.2,446.6,446.8,2,1,1.00,CYCLE,S
IND,208,6423,59461,15/03/2021,08:04:57,15,1,26.2,1.0,976.4,975.6,2,1,1.00,CYCLE,S
IND,208,6423,59461,15/03/2021,08:38:18,15,1,6.2,1.0,2000.7,2000.5,2,1,0.40,CYCLE,S
IND,208,6423,59461,15/03/2021,08:38:18,15,1,6.2,1.0,0.0,0.0,2,1,0.40,CYCLE,S
IND,208,6423,59461,15/03/2021,08:41:34,15,1,3.4,0.4,196.0,195.5,2,1,1.00,CYCLE,S
IND,208,6423,59461,15/03/2021,08:50:53,15,1,21.3,1.0,559.5,559.1,2,1,1.00,CYCLE,S
IND,208,6423,59461,15/03/2021,09:35:23,15,1,21.8,1.0,2669.3,2669.2,2,1,1.00,CYCLE,S
IND,208,6423,59460,15/03/2021,09:39:49,15,0,23.8,1.0,2389.6,2388.5,2,1,1.00,CYCLE,N
IND,208,6423,59460,15/03/2021,09:42:03,15,0,4.8,1.0,133.9,133.7,2,1,1.00,CYCLE,N
IND,208,6423,59461,15/03/2021,09:48:50,15,1,22.6,1.0,807.3,807.2,2,1,1.00,CYCLE,S
IND,208,6423,59461,15/03/2021,09:59:16,15,1,19.1,1.0,626.1,625.9,2,1,1.00,CYCLE,S
IND,208,6423,59461,15/03/2021,11:04:38,15,1,16.8,1.1,3922.1,3921.9,2,1,1.00,CYCLE,S
IND,208,6423,59461,15/03/2021,12:05:32,15,1,9.3,1.0,3653.9,3653.7,2,1,1.00,CYCLE,S
IND,208,6423,59461,15/03/2021,12:10:21,15,1,26.6,1.1,289.3,288.8,2,1,1.00,CYCLE,S
IND,208,6423,59461,15/03/2021,12:12:24,15,1,3.5,1.0,122.1,121.9,2,1,0.44,CYCLE,S
IND,208,6423,59461,15/03/2021,12:12:24,15,1,3.5,1.0,0.0,0.0,2,1,0.44,CYCLE,S
IND,208,6423,59460,15/03/2021,12:15:23,15,0,10.0,1.0,9199.5,9198.8,2,1,1.00,CYCLE,N
IND,208,6423,59461,15/03/2021,12:16:04,15,1,7.4,1.0,220.6,219.1,2,1,1.00,CYCLE,S
IND,208,6423,59460,15/03/2021,12:23:14,15,0,10.2,1.0,470.9,470.5,2,1,1.00,CYCLE,N
IND,208,6423,59461,15/03/2021,12:25:38,15,1,2.7,0.3,573.4,573.2,2,1,0.80,CYCLE,S
IND,208,6423,59461,15/03/2021,12:34:42,15,1,22.4,1.1,544.7,543.9,2,1,1.00,CYCLE,S
IND,208,6423,59461,15/03/2021,12:48:50,15,1,4.4,0.7,847.4,847.4,2,1,1.00,CYCLE,S
IND,208,6423,59460,15/03/2021,12:50:08,15,0,15.1,1.1,1614.5,1614.1,2,1,1.00,CYCLE,N
IND,208,6423,59461,15/03/2021,13:08:21,15,1,19.6,0.8,1171.4,1170.7,2,1,1.00,CYCLE,S
IND,208,6423,59460,15/03/2021,13:15:58,15,0,16.6,1.0,1550.0,1549.8,2,1,1.00,CYCLE,N
IND,208,6423,59461,15/03/2021,13:17:11,15,1,9.7,1.1,529.9,529.9,2,1,1.00,CYCLE,S
IND,208,6423,59461,15/03/2021,13:28:56,15,1,26.1,1.0,705.3,704.8,2,1,0.22,CYCLE,S
IND,208,6423,59461,15/03/2021,13:39:25,15,1,27.1,1.0,628.8,628.6,2,1,1.00,CYCLE,S
IND,208,6423,59460,15/03/2021,13:58:56,15,0,15.9,1.1,2577.6,2577.4,2,1,1.00,CYCLE,N
IND,208,6423,59460,15/03/2021,14:03:50,15,0,13.3,1.1,294.1,293.9,2,1,1.00,CYCLE,N
IND,208,6423,59461,15/03/2021,14:04:55,15,1,13.9,1.0,1530.0,1530.0,2,1,0.80,CYCLE,S
IND,208,6423,59461,15/03/2021,14:14:41,15,1,15.8,1.1,585.7,585.4,2,1,1.00,CYCLE,S
IND,208,6423,59460,15/03/2021,14:27:50,15,0,42.2,1.2,1440.0,1439.7,2,1,1.00,CYCLE,N
IND,208,6423,59460,15/03/2021,15:22:50,15,0,28.2,1.0,3300.5,3300.4,2,1,1.00,CYCLE,N
IND,208,6423,59460,15/03/2021,15:27:33,15,0,26.1,1.0,283.0,282.9,2,1,1.00,CYCLE,N
IND,208,6423,59460,15/03/2021,16:07:45,15,0,24.3,1.0,2411.8,2411.6,2,1,1.00,CYCLE,N
IND,208,6423,59461,15/03/2021,16:14:33,15,1,3.9,1.0,3632.0,3631.8,2,1,0.40,CYCLE,S
IND,208,6423,59460,15/03/2021,16:18:48,15,0,28.3,1.0,662.6,662.4,2,1,1.00,CYCLE,N
IND,208,6423,59461,15/03/2021,16:25:22,15,1,30.0,1.0,649.2,648.4,2,1,1.00,CYCLE,S
IND,208,6423,59460,15/03/2021,16:36:43,15,0,24.0,1.0,1075.2,1075.1,2,1,1.00,CYCLE,N
IND,208,6423,59461,15/03/2021,16:48:21,15,1,27.9,1.1,631.1,630.7,2,1,1.00,CYCLE,S
IND,208,6423,59461,15/03/2021,16:48:26,15,1,22.0,1.1,5.3,5.1,2,1,1.00,CYCLE,S
IND,208,6423,59461,15/03/2021,16:52:45,15,1,19.5,1.1,258.8,258.6,2,1,1.00,CYCLE,S
IND,208,6423,59460,15/03/2021,16:58:47,15,0,25.6,1.1,1324.4,1324.3,2,1,1.00,CYCLE,N
IND,208,6423,59461,15/03/2021,17:03:25,15,1,20.9,1.0,370.6,369.7,2,1,1.00,CYCLE,S
IND,208,6423,59460,15/03/2021,17:11:51,15,0,31.7,1.1,784.1,784.0,2,1,1.00,CYCLE,N
IND,208,6423,59461,15/03/2021,17:13:09,15,1,7.9,1.0,584.2,584.1,2,1,0.50,CYCLE,S
IND,208,6423,59460,15/03/2021,17:13:09,15,0,7.9,1.0,0.0,0.0,2,1,0.50,CYCLE,N
IND,208,6423,59461,15/03/2021,17:19:02,15,1,16.4,1.1,353.0,352.2,2,1,1.00,CYCLE,S
IND,208,6423,59460,15/03/2021,17:29:34,15,0,34.2,1.0,1062.1,1061.9,2,1,1.00,CYCLE,N
IND,208,6423,59461,15/03/2021,17:33:10,15,1,15.7,1.0,847.7,847.5,2,1,1.00,CYCLE,S
IND,208,6423,59461,15/03/2021,17:46:00,15,1,4.3,1.0,151.5,151.3,2,1,0.40,CYCLE,S
IND,208,6423,59460,15/03/2021,18:04:50,15,0,27.8,1.0,2116.5,2116.4,2,1,1.00,CYCLE,N
IND,208,6423,59460,15/03/2021,18:16:18,15,0,13.3,1.1,372.3,372.3,2,1,1.00,CYCLE,N
IND,208,6423,59461,15/03/2021,18:17:20,15,1,11.6,1.1,1879.6,1878.9,2,1,1.00,CYCLE,S
IND,208,6423,59460,15/03/2021,18:18:00,15,0,29.0,1.1,102.7,102.4,2,1,1.00,CYCLE,N
IND,208,6423,59460,15/03/2021,18:24:02,15,0,22.6,1.0,361.5,361.4,2,1,1.00,CYCLE,N
IND,208,6423,59460,15/03/2021,18:26:23,15,0,12.6,1.1,140.9,140.7,2,1,1.00,CYCLE,N
IND,208,6423,59461,15/03/2021,18:34:05,15,1,8.8,1.0,981.6,980.4,2,1,0.40,CYCLE,S
IND,208,6423,59460,15/03/2021,20:13:17,15,0,24.9,1.1,6413.8,6413.5,2,1,1.00,CYCLE,N
IND,208,6423,59460,16/03/2021,04:06:33,15,0,28.0,1.0,28395.9,28395.7,2,1,1.00,CYCLE,N
IND,208,6423,59461,16/03/2021,05:09:51,15,1,27.1,0.8,38145.7,38145.1,2,1,1.00,CYCLE,S
IND,208,6423,59461,16/03/2021,05:09:51,15,1,41.0,1.2,0.6,0.4,2,1,1.00,CYCLE,S
IND,208,6423,59461,16/03/2021,05:39:36,15,1,25.2,1.0,1784.5,1784.4,2,1,1.00,CYCLE,S
IND,208,6423,59460,16/03/2021,05:40:47,15,0,21.1,1.0,5654.0,5653.9,2,1,1.00,CYCLE,N
IND,208,6423,59461,16/03/2021,05:41:49,15,1,16.1,1.0,133.1,133.0,2,1,1.00,CYCLE,S
IND,208,6423,59461,16/03/2021,05:51:37,15,1,25.0,1.1,324.2,323.4,2,1,1.00,CYCLE,S
IND,208,6423,59461,16/03/2021,05:51:38,15,1,21.5,1.0,1.3,1.2,2,1,1.00,CYCLE,S
IND,208,6423,59460,16/03/2021,05:56:06,15,0,26.5,1.0,919.9,919.7,2,1,1.00,CYCLE,N
IND,208,6423,59460,16/03/2021,06:05:56,15,0,27.4,1.0,589.2,589.1,2,1,1.00,CYCLE,N
IND,208,6423,59460,16/03/2021,06:14:59,15,0,31.4,1.0,543.2,543.1,2,1,1.00,CYCLE,N
IND,208,6423,59460,16/03/2021,06:28:49,15,0,31.5,0.9,830.3,830.2,2,1,1.00,CYCLE,N
IND,208,6423,59460,16/03/2021,06:33:05,15,0,32.5,1.0,256.0,255.9,2,1,1.00,CYCLE,N
IND,208,6423,59460,16/03/2021,06:40:41,15,0,24.5,1.1,455.7,455.6,2,1,1.00,CYCLE,N
IND,208,6423,59460,16/03/2021,06:41:14,15,0,24.7,1.1,33.0,32.9,2,1,1.00,CYCLE,N
IND,208,6423,59460,16/03/2021,06:46:10,15,0,30.0,1.0,295.8,295.6,2,1,1.00,CYCLE,N
IND,208,6423,59460,16/03/2021,06:48:43,15,0,15.8,1.0,153.5,153.4,2,1,1.00,CYCLE,N
IND,208,6423,59461,16/03/2021,06:58:34,15,1,4.0,0.4,4015.8,4015.9,2,1,1.00,CYCLE,S
IND,208,6423,59460,16/03/2021,06:59:25,15,0,26.9,1.0,641.9,641.6,2,1,1.00,CYCLE,N
IND,208,6423,59461,16/03/2021,07:00:35,15,1,10.9,1.1,89.3,88.5,2,1,1.00,CYCLE,S
IND,208,6423,59460,16/03/2021,07:01:14,15,0,21.6,1.1,108.5,108.3,2,1,1.00,CYCLE,N
IND,208,6423,59461,16/03/2021,07:07:12,15,1,29.9,1.0,397.4,397.0,2,1,1.00,CYCLE,S
IND,208,6423,59461,16/03/2021,07:09:25,15,1,20.6,1.0,132.7,132.6,2,1,0.80,CYCLE,S
IND,208,6423,59460,16/03/2021,07:10:39,15,0,9.8,1.0,565.5,565.3,2,1,1.00,CYCLE,N
IND,208,6423,59461,16/03/2021,07:11:19,15,1,16.8,1.0,113.9,113.7,2,1,1.00,CYCLE,S
IND,208,6423,59461,16/03/2021,07:11:47,15,1,8.4,1.0,28.2,28.1,2,1,1.00,CYCLE,S
IND,208,6423,59460,16/03/2021,07:13:01,15,0,22.8,1.0,141.9,141.5,2,1,1.00,CYCLE,N
IND,208,6423,59461,16/03/2021,07:13:53,15,1,4.0,1.0,125.7,125.2,2,1,0.40,CYCLE,S
IND,208,6423,59460,16/03/2021,07:16:42,15,0,9.2,1.0,220.8,220.7,2,1,1.00,CYCLE,N
IND,208,6423,59461,16/03/2021,07:30:00,15,1,23.1,1.0,966.7,965.9,2,1,1.00,CYCLE,S
IND,208,6423,59460,16/03/2021,07:30:03,15,0,21.1,1.1,801.7,801.3,2,1,1.00,CYCLE,N
IND,208,6423,59461,16/03/2021,07:40:35,15,1,2.6,0.6,635.2,635.5,2,1,0.80,CYCLE,S
IND,208,6423,59461,16/03/2021,07:53:46,15,1,24.4,1.0,791.5,790.7,2,1,1.00,CYCLE,S
IND,208,6423,59461,16/03/2021,07:59:42,15,1,23.3,1.0,355.3,355.2,2,1,1.00,CYCLE,S
IND,208,6423,59460,16/03/2021,08:03:48,15,0,26.0,1.0,1553.9,1553.7,2,1,1.00,CYCLE,N
IND,208,6423,59461,16/03/2021,08:05:08,15,1,4.1,1.0,326.7,326.5,2,1,0.40,CYCLE,S
IND,208,6423,59460,16/03/2021,08:12:19,15,0,28.8,1.1,511.0,510.8,2,1,1.00,CYCLE,N
IND,208,6423,59460,16/03/2021,08:23:53,15,0,3.2,1.0,694.1,694.0,2,1,0.56,CYCLE,N
IND,208,6423,59460,16/03/2021,08:23:53,15,0,3.2,1.0,0.0,0.0,2,1,0.56,CYCLE,N
IND,208,6423,59460,16/03/2021,08:23:53,15,0,3.2,1.0,0.0,0.0,2,1,0.56,CYCLE,N
IND,208,6423,59460,16/03/2021,08:23:53,15,0,3.2,1.0,0.0,0.0,2,1,0.56,CYCLE,N
IND,208,6423,59460,16/03/2021,08:23:53,15,0,3.2,1.0,0.0,0.0,2,1,0.56,CYCLE,N
IND,208,6423,59461,16/03/2021,08:27:38,15,1,12.5,1.1,1349.4,1348.7,2,1,1.00,CYCLE,S
IND,208,6423,59461,16/03/2021,08:33:47,15,1,21.6,1.0,369.1,368.7,2,1,1.00,CYCLE,S
IND,208,6423,59461,16/03/2021,08:33:47,15,1,21.6,1.0,0.0,0.0,2,1,1.00,CYCLE,S
IND,208,6423,59461,16/03/2021,08:33:48,15,1,22.9,1.0,1.0,0.7,2,1,1.00,CYCLE,S
IND,208,6423,59461,16/03/2021,08:33:50,15,1,24.7,1.0,1.8,1.7,2,1,1.00,CYCLE,S
IND,208,6423,59461,16/03/2021,08:33:50,15,1,24.7,1.0,0.0,0.0,2,1,1.00,CYCLE,S
IND,208,6423,59461,16/03/2021,08:33:51,15,1,23.6,1.0,1.6,1.4,2,1,1.00,CYCLE,S
IND,208,6423,59461,16/03/2021,08:48:01,15,1,24.6,1.0,850.1,850.0,2,1,1.00,CYCLE,S
IND,208,6423,59461,16/03/2021,08:57:10,15,1,19.2,1.0,548.4,548.3,2,1,1.00,CYCLE,S
IND,208,6423,59461,16/03/2021,09:07:59,15,1,17.7,0.9,649.3,649.1,2,1,1.00,CYCLE,S
IND,208,6423,59461,16/03/2021,09:09:42,15,1,21.3,1.0,102.5,102.3,2,1,1.00,CYCLE,S
IND,208,6423,59461,16/03/2021,09:20:02,15,1,6.2,0.5,620.1,620.1,2,1,0.80,CYCLE,S
IND,208,6423,59460,16/03/2021,09:28:45,15,0,25.6,1.0,3892.2,3889.6,2,1,1.00,CYCLE,N
IND,208,6423,59460,16/03/2021,09:46:19,15,0,18.6,1.1,1053.5,1053.4,2,1,1.00,CYCLE,N
IND,208,6423,59461,16/03/2021,09:51:16,15,1,2.6,0.6,1873.9,1874.0,2,1,0.80,CYCLE,S
IND,208,6423,59461,16/03/2021,09:54:41,15,1,5.7,1.0,205.4,204.6,2,1,0.50,CYCLE,S
IND,208,6423,59461,16/03/2021,09:54:41,15,1,5.7,1.0,0.0,0.0,2,1,0.50,CYCLE,S
IND,208,6423,59461,16/03/2021,10:03:31,15,1,23.9,1.1,530.2,529.2,2,1,1.00,CYCLE,S
IND,208,6423,59461,16/03/2021,10:19:02,15,1,23.9,1.0,930.3,930.1,2,1,1.00,CYCLE,S
IND,208,6423,59461,16/03/2021,10:19:13,15,1,16.2,1.0,11.1,11.0,2,1,1.00,CYCLE,S
IND,208,6423,59461,16/03/2021,10:35:06,15,1,21.5,1.0,952.8,952.6,2,1,1.00,CYCLE,S
IND,208,6423,59461,16/03/2021,10:59:25,15,1,16.2,1.0,435.5,435.3,2,1,1.00,CYCLE,S
IND,208,6423,59460,16/03/2021,11:26:54,15,0,20.5,1.0,489.3,487.6,2,1,1.00,CYCLE,N
IND,208,6423,59461,16/03/2021,11:36:41,15,1,25.9,1.0,2236.2,2235.9,2,1,1.00,CYCLE,S
IND,208,6423,59461,16/03/2021,11:46:54,15,1,18.7,1.1,613.6,613.5,2,1,1.00,CYCLE,S
IND,208,6423,59461,16/03/2021,12:18:47,15,1,19.2,1.0,0.4,0.2,2,1,1.00,CYCLE,S
IND,208,6423,59461,16/03/2021,12:18:47,15,1,19.5,1.0,0.9,0.7,2,1,1.00,CYCLE,S
IND,208,6423,59461,16/03/2021,12:18:48,15,1,19.9,1.0,0.5,0.3,2,1,1.00,CYCLE,S
IND,208,6423,59461,16/03/2021,12:18:50,15,1,20.0,1.0,2.4,2.2,2,1,1.00,CYCLE,S
IND,208,6423,59461,16/03/2021,12:38:48,15,1,14.4,1.1,1197.9,1197.8,2,1,1.00,CYCLE,S
IND,208,6423,59460,16/03/2021,12:56:22,15,0,22.7,1.0,5368.4,5368.2,2,1,1.00,CYCLE,N
IND,208,6423,59461,16/03/2021,12:56:57,15,1,20.1,0.8,1089.0,1088.7,2,1,1.00,CYCLE,S
IND,208,6423,59460,16/03/2021,13:04:34,15,0,23.0,1.1,491.6,491.4,2,1,1.00,CYCLE,N
IND,208,6423,59460,16/03/2021,13:19:50,15,0,17.5,1.1,915.9,915.7,2,1,1.00,CYCLE,N
IND,208,6423,59460,16/03/2021,13:35:50,15,0,28.8,1.1,960.0,959.8,2,1,1.00,CYCLE,N
IND,208,6423,59461,16/03/2021,14:08:05,15,1,14.3,1.0,4267.7,4267.6,2,1,1.00,CYCLE,S
IND,208,6423,59460,16/03/2021,14:20:29,15,0,12.2,1.1,2679.3,2679.2,2,1,1.00,CYCLE,N
IND,208,6423,59460,16/03/2021,14:25:07,15,0,5.3,1.0,277.9,277.6,2,1,0.50,CYCLE,N
IND,208,6423,59461,16/03/2021,14:32:46,15,1,23.1,1.1,1480.7,1480.4,2,1,1.00,CYCLE,S
IND,208,6423,59461,16/03/2021,14:34:45,15,1,26.6,1.0,119.0,118.9,2,1,1.00,CYCLE,S
IND,208,6423,59460,16/03/2021,14:36:37,15,0,39.5,1.1,690.3,689.6,2,1,1.00,CYCLE,N
IND,208,6423,59461,16/03/2021,14:38:50,15,1,21.7,1.0,245.6,245.5,2,1,1.00,CYCLE,S
IND,208,6423,59461,16/03/2021,14:46:31,15,1,26.0,1.0,460.4,460.3,2,1,1.00,CYCLE,S
IND,208,6423,59461,16/03/2021,15:08:52,15,1,25.8,1.0,1341.5,1341.4,2,1,1.00,CYCLE,S
IND,208,6423,59460,16/03/2021,15:17:37,15,0,24.4,1.0,2204.7,2204.2,2,1,1.00,CYCLE,N
IND,208,6423,59460,16/03/2021,15:20:20,15,0,17.8,1.0,163.4,163.2,2,1,1.00,CYCLE,N
IND,208,6423,59461,16/03/2021,15:50:56,15,1,16.6,1.1,2524.1,2524.0,2,1,1.00,CYCLE,S
IND,208,6423,59461,16/03/2021,15:56:01,15,1,20.6,1.1,304.9,304.6,2,1,1.00,CYCLE,S
IND,208,6423,59461,16/03/2021,16:03:02,15,1,17.0,1.0,420.3,420.1,2,1,1.00,CYCLE,S
IND,208,6423,59460,16/03/2021,16:05:09,15,0,23.6,1.0,1018.8,1018.8,2,1,1.00,CYCLE,N
IND,208,6423,59460,16/03/2021,16:29:05,15,0,26.4,1.0,1436.2,1436.0,2,1,1.00,CYCLE,N
IND,208,6423,59461,16/03/2021,16:29:10,15,1,28.0,1.0,1568.6,1568.4,2,1,1.00,CYCLE,S
IND,208,6423,59461,16/03/2021,16:34:52,15,1,22.2,1.1,341.4,341.3,2,1,1.00,CYCLE,S
IND,208,6423,59461,16/03/2021,16:40:47,15,1,25.9,1.0,354.9,354.7,2,1,1.00,CYCLE,S
IND,208,6423,59460,16/03/2021,16:46:03,15,0,22.6,1.1,1018.2,1018.1,2,1,1.00,CYCLE,N
IND,208,6423,59461,16/03/2021,16:53:14,15,1,24.0,1.1,747.7,747.6,2,1,1.00,CYCLE,S
IND,208,6423,59461,16/03/2021,16:54:56,15,1,26.0,1.0,101.2,101.1,2,1,1.00,CYCLE,S
IND,208,6423,59461,16/03/2021,16:59:05,15,1,29.9,1.0,249.8,249.7,2,1,1.00,CYCLE,S
IND,208,6423,59461,16/03/2021,17:00:11,15,1,9.4,1.0,65.6,66.0,2,1,0.80,CYCLE,S
IND,208,6423,59460,16/03/2021,17:03:31,15,0,38.5,1.0,1047.3,1047.1,2,1,1.00,CYCLE,N
IND,208,6423,59461,16/03/2021,17:07:22,15,1,20.8,1.0,430.7,430.2,2,1,1.00,CYCLE,S
IND,208,6423,59460,16/03/2021,17:14:37,15,0,28.7,1.0,666.2,666.1,2,1,1.00,CYCLE,N
IND,208,6423,59460,16/03/2021,17:22:38,15,0,16.2,1.1,481.0,480.8,2,1,1.00,CYCLE,N
IND,208,6423,59461,16/03/2021,17:28:37,15,1,24.9,1.0,41.5,40.0,2,1,1.00,CYCLE,S
IND,208,6423,59460,16/03/2021,17:39:18,15,0,29.1,1.1,1000.1,999.8,2,1,1.00,CYCLE,N
IND,208,6423,59461,16/03/2021,17:46:34,15,1,3.1,1.0,1077.3,1077.1,2,1,0.33,CYCLE,S
IND,208,6423,59461,16/03/2021,17:56:55,15,1,3.5,0.9,620.7,620.1,2,1,0.80,CYCLE,S
IND,208,6423,59461,16/03/2021,18:09:14,15,1,16.4,1.1,335.2,334.4,2,1,1.00,CYCLE,S
IND,208,6423,59461,16/03/2021,18:09:21,15,1,21.4,1.0,7.1,6.8,2,1,1.00,CYCLE,S
IND,208,6423,59461,16/03/2021,18:14:41,15,1,19.2,1.2,320.2,320.0,2,1,1.00,CYCLE,S
IND,208,6423,59461,16/03/2021,18:24:03,15,1,15.6,1.0,561.8,561.6,2,1,1.00,CYCLE,S
IND,208,6423,59461,16/03/2021,18:36:24,15,1,2.4,0.3,740.6,740.8,2,1,0.80,CYCLE,S
IND,208,6423,59460,16/03/2021,18:39:26,15,0,27.7,1.0,3608.0,3607.9,2,1,1.00,CYCLE,N
IND,208,6423,59461,16/03/2021,18:53:13,15,1,2.5,0.6,1009.2,1008.8,2,1,0.80,CYCLE,S
IND,208,6423,59461,16/03/2021,18:58:49,15,1,11.3,1.0,336.0,335.2,2,1,1.00,CYCLE,S
IND,208,6423,59461,16/03/2021,21:24:40,15,1,12.1,1.1,8751.3,8751.0,2,1,1.00,CYCLE,S
IND,208,6423,59461,16/03/2021,21:24:41,15,1,9.1,1.1,0.8,0.5,2,1,1.00,CYCLE,S
IND,208,6423,59461,16/03/2021,22:11:51,15,1,12.1,1.0,2830.7,2830.2,2,1,1.09,CYCLE,S
IND,208,6423,59461,16/03/2021,22:11:51,15,1,12.1,1.0,0.0,0.0,2,1,1.09,CYCLE,S
IND,208,6423,59460,17/03/2021,04:18:06,15,0,27.8,1.0,19552.7,19552.2,2,1,1.00,CYCLE,N
IND,208,6423,59461,17/03/2021,05:07:50,15,1,21.5,1.1,23087.4,23087.3,2,1,1.00,CYCLE,S
IND,208,6423,59461,17/03/2021,05:09:36,15,1,32.2,1.2,106.7,106.5,2,1,1.00,CYCLE,S
IND,208,6423,59461,17/03/2021,05:15:26,15,1,28.3,0.8,349.7,349.5,2,1,1.00,CYCLE,S
IND,208,6423,59460,17/03/2021,05:30:54,15,0,28.3,1.1,4368.1,4368.0,2,1,1.00,CYCLE,N
IND,208,6423,59461,17/03/2021,05:44:02,15,1,26.6,1.0,1031.5,1031.3,2,1,1.00,CYCLE,S
IND,208,6423,59461,17/03/2021,05:44:02,15,1,26.6,1.0,0.0,0.0,2,1,1.00,CYCLE,S
IND,208,6423,59461,17/03/2021,05:44:15,15,1,18.5,1.0,12.8,12.6,2,1,1.00,CYCLE,S
IND,208,6423,59461,17/03/2021,05:46:45,15,1,3.3,0.4,150.4,150.5,2,1,0.80,CYCLE,S
IND,208,6423,59461,17/03/2021,06:02:40,15,1,22.5,1.1,954.3,953.9,2,1,1.00,CYCLE,S
IND,208,6423,59461,17/03/2021,06:13:05,15,1,5.3,1.0,625.1,624.8,2,1,0.57,CYCLE,S
IND,208,6423,59460,17/03/2021,06:18:47,15,0,14.4,1.0,2873.1,2872.9,2,1,1.00,CYCLE,N
IND,208,6423,59461,17/03/2021,06:31:54,15,1,22.9,1.0,413.8,413.0,2,1,1.00,CYCLE,S
IND,208,6423,59461,17/03/2021,06:38:21,15,1,4.3,1.0,386.8,386.6,2,1,0.67,CYCLE,S
IND,208,6423,59461,17/03/2021,06:42:10,15,1,20.0,1.1,229.0,228.2,2,1,1.00,CYCLE,S
IND,208,6423,59460,17/03/2021,06:49:07,15,0,29.5,1.0,1819.8,1819.6,2,1,1.00,CYCLE,N
IND,208,6423,59461,17/03/2021,07:02:38,15,1,2.4,0.7,1228.1,1228.4,2,1,0.80,CYCLE,S
IND,208,6423,59460,17/03/2021,07:05:03,15,0,20.9,1.0,956.4,956.3,2,1,1.00,CYCLE,N
IND,208,6423,59461,17/03/2021,07:08:17,15,1,13.7,1.0,338.9,337.9,2,1,0.67,CYCLE,S
IND,208,6423,59461,17/03/2021,07:08:17,15,1,13.7,1.0,0.0,0.0,2,1,0.67,CYCLE,S
IND,208,6423,59461,17/03/2021,07:09:52,15,1,27.7,1.0,95.8,95.4,2,1,1.00,CYCLE,S
IND,208,6423,59461,17/03/2021,07:19:49,15,1,22.8,1.1,596.3,596.1,2,1,1.00,CYCLE,S
IND,208,6423,59460,17/03/2021,07:23:48,15,0,24.6,1.1,1125.4,1125.2,2,1,1.00,CYCLE,N
IND,208,6423,59461,17/03/2021,07:26:01,15,1,20.5,1.0,372.7,372.5,2,1,1.00,CYCLE,S
IND,208,6423,59461,17/03/2021,07:26:03,15,1,10.8,1.0,1.3,1.2,2,1,1.00,CYCLE,S
IND,208,6423,59460,17/03/2021,07:34:33,15,0,11.6,1.0,644.4,644.3,2,1,1.00,CYCLE,N
IND,208,6423,59460,17/03/2021,07:34:50,15,0,11.6,1.1,17.2,16.9,2,1,1.00,CYCLE,N
IND,208,6423,59461,17/03/2021,07:35:32,15,1,10.4,1.0,569.1,568.7,2,1,1.00,CYCLE,S
IND,208,6423,59460,17/03/2021,07:37:21,15,0,20.3,1.1,150.6,150.3,2,1,1.00,CYCLE,N
IND,208,6423,59460,17/03/2021,07:41:12,15,0,11.0,1.0,231.6,231.4,2,1,1.00,CYCLE,N
IND,208,6423,59461,17/03/2021,07:42:13,15,1,9.3,1.0,400.9,400.5,2,1,1.00,CYCLE,S
IND,208,6423,59460,17/03/2021,07:43:11,15,0,9.8,1.0,119.2,118.9,2,1,1.00,CYCLE,N
IND,208,6423,59460,17/03/2021,07:45:38,15,0,16.7,1.1,146.1,145.7,2,1,1.00,CYCLE,N
IND,208,6423,59461,17/03/2021,07:47:32,15,1,27.6,1.0,319.3,318.8,2,1,1.00,CYCLE,S
IND,208,6423,59460,17/03/2021,07:52:36,15,0,27.1,1.0,418.8,418.6,2,1,1.00,CYCLE,N
IND,208,6423,59461,17/03/2021,07:59:33,15,1,26.1,1.0,721.3,721.2,2,1,0.57,CYCLE,S
IND,208,6423,59461,17/03/2021,07:59:33,15,1,26.1,1.0,0.0,0.0,2,1,0.57,CYCLE,S
IND,208,6423,59460,17/03/2021,08:04:23,15,0,31.5,1.0,706.4,706.3,2,1,0.57,CYCLE,N
IND,208,6423,59461,17/03/2021,08:13:50,15,1,24.2,1.0,856.3,856.2,2,1,1.00,CYCLE,S
IND,208,6423,59461,17/03/2021,08:30:53,15,1,27.5,1.0,1023.4,1023.3,2,1,1.00,CYCLE,S
IND,208,6423,59460,17/03/2021,08:33:20,15,0,17.9,1.1,1737.4,1737.1,2,1,1.00,CYCLE,N
IND,208,6423,59460,17/03/2021,08:33:21,15,0,17.5,1.1,0.8,0.6,2,1,1.00,CYCLE,N
IND,208,6423,59460,17/03/2021,08:33:22,15,0,17.7,1.0,0.7,0.4,2,1,1.00,CYCLE,N
IND,208,6423,59460,17/03/2021,08:33:23,15,0,15.2,1.1,0.9,0.7,2,1,1.00,CYCLE,N
IND,208,6423,59461,17/03/2021,08:40:39,15,1,19.2,1.1,585.7,585.6,2,1,1.00,CYCLE,S
IND,208,6423,59461,17/03/2021,08:44:10,15,1,20.2,1.0,210.9,210.7,2,1,1.00,CYCLE,S
IND,208,6423,59460,17/03/2021,08:48:50,15,0,17.1,1.0,927.4,927.2,2,1,1.00,CYCLE,N
IND,208,6423,59460,17/03/2021,08:49:04,15,0,3.7,1.0,13.9,13.7,2,1,0.80,CYCLE,N
IND,208,6423,59461,17/03/2021,08:51:47,15,1,3.8,1.0,457.0,456.8,2,1,0.57,CYCLE,S
IND,208,6423,59461,17/03/2021,09:14:38,15,1,2.4,0.3,1371.3,1370.2,2,1,1.00,CYCLE,S
IND,208,6423,59461,17/03/2021,09:27:30,15,1,17.7,1.0,772.4,771.9,2,1,1.00,CYCLE,S
IND,208,6423,59461,17/03/2021,09:27:31,15,1,21.1,1.0,0.3,0.0,2,1,0.67,CYCLE,S
IND,208,6423,59460,17/03/2021,09:38:09,15,0,26.4,1.0,2944.7,2944.2,2,1,1.00,CYCLE,N
IND,208,6423,59460,17/03/2021,09:46:06,15,0,33.0,1.0,477.1,477.0,2,1,1.00,CYCLE,N
IND,208,6423,59461,17/03/2021,09:48:30,15,1,25.2,1.0,1259.3,1258.4,2,1,1.00,CYCLE,S
IND,208,6423,59460,17/03/2021,09:59:49,15,0,28.1,1.0,823.1,823.0,2,1,1.00,CYCLE,N
IND,208,6423,59461,17/03/2021,10:01:19,15,1,1.7,0.3,340.9,340.6,2,1,1.00,CYCLE,S
IND,208,6423,59461,17/03/2021,10:29:37,15,1,6.4,0.4,1698.4,1697.9,2,1,1.00,CYCLE,S
IND,208,6423,59461,17/03/2021,10:35:52,15,1,20.0,1.0,374.4,374.2,2,1,0.67,CYCLE,S
IND,208,6423,59461,17/03/2021,10:54:59,15,1,2.0,0.3,1147.0,1147.4,2,1,0.80,CYCLE,S
IND,208,6423,59460,17/03/2021,11:08:24,15,0,25.6,1.1,4114.7,4114.6,2,1,1.00,CYCLE,N
IND,208,6423,59460,17/03/2021,11:18:18,15,0,26.1,1.1,594.6,594.4,2,1,1.00,CYCLE,N
IND,208,6423,59461,17/03/2021,11:41:50,15,1,20.5,1.0,2811.4,2810.8,2,1,1.00,CYCLE,S
IND,208,6423,59461,17/03/2021,11:43:21,15,1,22.5,1.0,91.5,91.4,2,1,1.00,CYCLE,S
IND,208,6423,59461,17/03/2021,11:53:43,15,1,20.6,0.9,621.9,621.7,2,1,1.00,CYCLE,S
IND,208,6423,59461,17/03/2021,12:03:16,15,1,20.3,0.9,572.8,572.7,2,1,1.00,CYCLE,S
IND,208,6423,59460,17/03/2021,12:26:30,15,0,17.8,1.1,4092.2,4092.0,2,1,1.00,CYCLE,N
IND,208,6423,59460,17/03/2021,12:26:32,15,0,17.5,1.1,2.2,2.0,2,1,1.00,CYCLE,N
IND,208,6423,59461,17/03/2021,13:13:40,15,1,19.3,1.0,4224.2,4224.0,2,1,1.00,CYCLE,S
IND,208,6423,59461,17/03/2021,13:13:40,15,1,19.3,1.0,0.0,0.0,2,1,1.00,CYCLE,S
IND,208,6423,59461,17/03/2021,13:47:29,15,1,22.6,1.0,2028.2,2027.9,2,1,1.00,CYCLE,S
IND,208,6423,59461,17/03/2021,13:47:30,15,1,24.3,1.0,1.0,0.9,2,1,1.00,CYCLE,S
IND,208,6423,59461,17/03/2021,14:07:44,15,1,26.8,1.0,1214.7,1214.6,2,1,0.80,CYCLE,S
IND,208,6423,59461,17/03/2021,14:07:45,15,1,27.0,1.0,1.0,0.8,2,1,1.00,CYCLE,S
IND,208,6423,59460,17/03/2021,14:21:13,15,0,5.5,1.0,6880.6,6880.6,2,1,0.50,CYCLE,N
IND,208,6423,59460,17/03/2021,14:21:13,15,0,5.5,1.0,0.0,0.0,2,1,0.50,CYCLE,N
IND,208,6423,59461,17/03/2021,14:37:19,15,1,26.3,1.0,1774.2,1774.1,2,1,1.00,CYCLE,S
IND,208,6423,59461,17/03/2021,14:39:40,15,1,15.9,1.0,141.0,140.9,2,1,1.00,CYCLE,S
IND,208,6423,59460,17/03/2021,14:46:35,15,0,19.5,1.0,1522.0,1520.9,2,1,1.00,CYCLE,N
IND,208,6423,59461,17/03/2021,15:05:34,15,1,12.8,1.1,1553.9,1553.7,2,1,1.00,CYCLE,S
IND,208,6423,59461,17/03/2021,15:09:30,15,1,24.7,1.0,235.7,235.3,2,1,1.00,CYCLE,S
IND,208,6423,59460,17/03/2021,15:29:56,15,0,27.7,1.0,2601.1,2600.9,2,1,1.00,CYCLE,N
IND,208,6423,59460,17/03/2021,15:34:36,15,0,26.6,1.0,280.2,280.1,2,1,1.00,CYCLE,N
IND,208,6423,59460,17/03/2021,15:54:19,15,0,24.1,1.0,1182.7,1182.6,2,1,1.00,CYCLE,N
IND,208,6423,59461,17/03/2021,15:59:25,15,1,20.5,1.1,2995.1,2994.9,2,1,1.00,CYCLE,S
IND,208,6423,59461,17/03/2021,16:09:06,15,1,19.5,1.1,581.1,580.9,2,1,1.00,CYCLE,S
IND,208,6423,59460,17/03/2021,16:19:17,15,0,33.8,1.0,1497.9,1497.8,2,1,1.00,CYCLE,N
IND,208,6423,59460,17/03/2021,16:19:30,15,0,37.3,1.0,13.2,13.1,2,1,1.00,CYCLE,N
IND,208,6423,59460,17/03/2021,16:19:33,15,0,26.1,1.0,2.5,2.4,2,1,1.00,CYCLE,N
IND,208,6423,59460,17/03/2021,16:19:45,15,0,26.8,1.1,12.1,11.9,2,1,1.00,CYCLE,N
IND,208,6423,59461,17/03/2021,16:30:21,15,1,15.0,1.1,1274.7,1274.5,2,1,1.00,CYCLE,S
IND,208,6423,59461,17/03/2021,16:33:15,15,1,25.9,1.0,174.0,173.7,2,1,1.00,CYCLE,S
IND,208,6423,59461,17/03/2021,16:33:53,15,1,17.5,1.0,38.1,38.0,2,1,1.00,CYCLE,S
IND,208,6423,59461,17/03/2021,16:57:28,15,1,20.8,1.0,500.6,500.5,2,1,1.00,CYCLE,S
IND,208,6423,59460,17/03/2021,17:00:46,15,0,22.8,1.2,2461.0,2460.9,2,1,1.00,CYCLE,N
IND,208,6423,59461,17/03/2021,17:11:47,15,1,24.8,1.0,471.9,471.6,2,1,1.00,CYCLE,S
IND,208,6423,59460,17/03/2021,17:21:45,15,0,34.0,1.0,1259.4,1259.2,2,1,1.00,CYCLE,N
IND,208,6423,59460,17/03/2021,17:28:18,15,0,21.9,1.1,392.4,392.3,2,1,1.00,CYCLE,N
IND,208,6423,59460,17/03/2021,17:30:46,15,0,22.1,1.1,148.7,148.6,2,1,1.00,CYCLE,N
IND,208,6423,59460,17/03/2021,17:30:49,15,0,28.8,1.0,2.8,2.6,2,1,0.20,CYCLE,N
IND,208,6423,59461,17/03/2021,17:31:00,15,1,29.5,1.0,1152.6,1152.4,2,1,1.00,CYCLE,S
IND,208,6423,59461,17/03/2021,17:38:29,15,1,13.2,1.1,228.9,228.7,2,1,1.00,CYCLE,S
IND,208,6423,59461,17/03/2021,17:38:30,15,1,12.1,1.0,1.1,0.8,2,1,1.00,CYCLE,S
IND,208,6423,59461,17/03/2021,17:50:55,15,1,14.3,1.1,744.4,744.1,2,1,1.00,CYCLE,S
IND,208,6423,59461,17/03/2021,18:14:11,15,1,3.2,1.0,726.9,725.9,2,1,0.36,CYCLE,S
IND,208,6423,59461,17/03/2021,18:14:11,15,1,3.2,1.0,0.0,0.0,2,1,0.36,CYCLE,S
IND,208,6423,59460,17/03/2021,18:15:13,15,0,18.3,1.1,2663.9,2663.6,2,1,1.00,CYCLE,N
IND,208,6423,59460,17/03/2021,18:15:15,15,0,19.6,1.0,1.6,1.4,2,1,1.14,CYCLE,N
IND,208,6423,59460,17/03/2021,18:15:25,15,0,14.0,1.1,10.2,10.0,2,1,1.00,CYCLE,N
IND,208,6423,59460,17/03/2021,18:15:45,15,0,29.8,1.0,20.1,19.8,2,1,1.00,CYCLE,N
IND,208,6423,59460,17/03/2021,18:19:21,15,0,17.6,1.1,216.1,216.0,2,1,1.00,CYCLE,N
IND,208,6423,59460,17/03/2021,18:55:51,15,0,27.3,1.2,2189.6,2189.3,2,1,1.00,CYCLE,N
IND,208,6423,59461,17/03/2021,18:58:42,15,1,4.2,1.0,27.7,27.2,2,1,0.29,CYCLE,S
IND,208,6423,59461,17/03/2021,19:00:52,15,1,2.3,0.3,130.6,130.2,2,1,1.00,CYCLE,S
IND,208,6423,59461,17/03/2021,19:07:26,15,1,5.1,0.6,393.4,393.1,2,1,0.80,CYCLE,S
IND,208,6423,59461,17/03/2021,19:13:00,15,1,16.5,1.0,334.7,334.5,2,1,1.00,CYCLE,S
IND,208,6423,59460,18/03/2021,03:37:45,15,0,31.9,1.0,31313.9,31313.7,2,1,1.00,CYCLE,N
IND,208,6423,59461,18/03/2021,05:07:27,15,1,27.6,0.8,35666.6,35666.4,2,1,1.00,CYCLE,S
IND,208,6423,59461,18/03/2021,05:53:45,15,1,21.9,1.1,2777.7,2777.7,2,1,1.00,CYCLE,S
IND,208,6423,59460,18/03/2021,05:58:45,15,0,20.8,1.1,798.1,797.9,2,1,1.00,CYCLE,N
IND,208,6423,59461,18/03/2021,06:04:50,15,1,24.5,1.0,665.2,665.0,2,1,1.00,CYCLE,S
IND,208,6423,59460,18/03/2021,06:12:45,15,0,28.8,1.0,840.0,839.8,2,1,1.00,CYCLE,N
IND,208,6423,59461,18/03/2021,06:14:22,15,1,20.7,1.1,572.3,572.2,2,1,1.00,CYCLE,S
IND,208,6423,59460,18/03/2021,06:17:49,15,0,16.3,1.1,304.7,304.5,2,1,1.00,CYCLE,N
IND,208,6423,59460,18/03/2021,06:21:27,15,0,20.1,1.1,217.7,217.4,2,1,1.00,CYCLE,N
IND,208,6423,59460,18/03/2021,06:21:36,15,0,35.2,1.0,8.8,8.6,2,1,1.00,CYCLE,N
IND,208,6423,59461,18/03/2021,06:40:57,15,1,24.4,1.0,1594.6,1594.4,2,1,1.00,CYCLE,S
IND,208,6423,59460,18/03/2021,06:42:05,15,0,23.6,1.1,1229.3,1229.2,2,1,1.00,CYCLE,N
IND,208,6423,59460,18/03/2021,06:42:10,15,0,30.3,1.0,5.2,5.0,2,1,1.00,CYCLE,N
IND,208,6423,59460,18/03/2021,06:55:01,15,0,12.7,1.0,770.4,770.2,2,1,1.00,CYCLE,N
IND,208,6423,59461,18/03/2021,06:55:50,15,1,19.8,1.0,680.2,679.3,2,1,1.00,CYCLE,S
IND,208,6423,59460,18/03/2021,06:58:45,15,0,26.4,1.0,224.8,224.5,2,1,1.00,CYCLE,N
IND,208,6423,59461,18/03/2021,07:01:10,15,1,8.1,1.0,319.9,319.7,2,1,0.33,CYCLE,S
IND,208,6423,59461,18/03/2021,07:01:20,15,1,25.6,1.0,10.1,9.0,2,1,1.00,CYCLE,S
IND,208,6423,59461,18/03/2021,07:04:44,15,1,9.0,1.0,204.8,204.8,2,1,1.00,CYCLE,S
IND,208,6423,59461,18/03/2021,07:04:58,15,1,18.9,1.1,14.0,13.5,2,1,1.00,CYCLE,S
IND,208,6423,59461,18/03/2021,07:08:37,15,1,3.7,1.0,218.1,217.9,2,1,0.57,CYCLE,S
IND,208,6423,59460,18/03/2021,07:12:33,15,0,9.5,1.0,827.7,827.6,2,1,1.00,CYCLE,N
IND,208,6423,59461,18/03/2021,07:13:31,15,1,8.4,1.0,294.4,293.6,2,1,1.00,CYCLE,S
IND,208,6423,59461,18/03/2021,07:15:29,15,1,25.2,1.0,118.5,118.0,2,1,1.00,CYCLE,S
IND,208,6423,59461,18/03/2021,07:15:29,15,1,25.2,1.0,0.0,0.0,2,1,1.00,CYCLE,S
IND,208,6423,59460,18/03/2021,07:24:28,15,0,9.0,1.1,91.6,91.6,2,1,1.00,CYCLE,N
IND,208,6423,59461,18/03/2021,07:45:22,15,1,11.7,1.0,963.2,962.4,2,1,1.00,CYCLE,S
IND,208,6423,59460,18/03/2021,07:57:09,15,0,21.7,1.0,1925.4,1925.3,2,1,1.00,CYCLE,N
IND,208,6423,59460,18/03/2021,07:57:09,15,0,21.5,1.0,0.3,0.1,2,1,1.00,CYCLE,N
IND,208,6423,59460,18/03/2021,07:57:11,15,0,22.1,1.0,1.5,1.4,2,1,1.00,CYCLE,N
IND,208,6423,59460,18/03/2021,07:57:11,15,0,22.1,1.0,0.0,0.0,2,1,1.00,CYCLE,N
IND,208,6423,59460,18/03/2021,07:57:11,15,0,21.5,1.0,0.6,0.4,2,1,0.86,CYCLE,N
IND,208,6423,59460,18/03/2021,07:57:12,15,0,21.5,1.0,0.7,0.4,2,1,0.86,CYCLE,N
IND,208,6423,59460,18/03/2021,08:12:42,15,0,24.5,1.1,930.0,929.8,2,1,1.00,CYCLE,N
IND,208,6423,59461,18/03/2021,08:13:09,15,1,2.0,0.3,1667.6,1667.8,2,1,1.00,CYCLE,S
IND,208,6423,59461,18/03/2021,08:15:14,15,1,20.3,1.0,124.5,123.5,2,1,1.00,CYCLE,S
IND,208,6423,59460,18/03/2021,08:31:11,15,0,1.3,0.1,494.6,494.5,2,1,1.00,CYCLE,N
IND,208,6423,59461,18/03/2021,08:43:11,15,1,23.3,1.0,14.1,13.9,2,1,1.00,CYCLE,S
IND,208,6423,59460,18/03/2021,08:47:47,15,0,22.0,1.0,996.3,996.1,2,1,1.00,CYCLE,N
IND,208,6423,59460,18/03/2021,09:13:50,15,0,18.2,1.0,1563.2,1563.0,2,1,1.00,CYCLE,N
IND,208,6423,59460,18/03/2021,09:13:50,15,0,18.2,1.0,0.0,0.0,2,1,1.00,CYCLE,N
IND,208,6423,59461,18/03/2021,10:19:00,15,1,24.9,1.2,5749.5,5749.3,2,1,1.00,CYCLE,S
IND,208,6423,59461,18/03/2021,10:23:34,15,1,15.8,1.0,273.3,273.1,2,1,1.00,CYCLE,S
IND,208,6423,59461,18/03/2021,10:23:34,15,1,15.8,1.0,0.0,0.0,2,1,1.00,CYCLE,S
IND,208,6423,59460,18/03/2021,10:40:06,15,0,25.8,1.0,4720.1,4720.0,2,1,1.00,CYCLE,N
IND,208,6423,59460,18/03/2021,10:47:20,15,0,18.4,1.1,434.4,434.3,2,1,1.00,CYCLE,N
IND,208,6423,59461,18/03/2021,11:23:31,15,1,15.9,1.1,2926.0,2925.2,2,1,1.00,CYCLE,S
IND,208,6423,59461,18/03/2021,11:36:39,15,1,20.9,1.2,788.2,788.0,2,1,1.00,CYCLE,S
IND,208,6423,59460,18/03/2021,11:52:58,15,0,23.3,1.1,3937.7,3937.5,2,1,1.00,CYCLE,N
IND,208,6423,59461,18/03/2021,11:58:32,15,1,14.0,1.0,1312.9,1312.8,2,1,1.00,CYCLE,S
IND,208,6423,59461,18/03/2021,12:10:34,15,1,24.7,1.0,721.7,721.4,2,1,1.00,CYCLE,S
IND,208,6423,59460,18/03/2021,12:14:04,15,0,29.4,1.0,1266.2,1266.0,2,1,1.00,CYCLE,N
IND,208,6423,59460,18/03/2021,12:16:28,15,0,28.0,1.1,144.3,144.2,2,1,1.00,CYCLE,N
IND,208,6423,59461,18/03/2021,12:34:30,15,1,22.0,1.1,1436.1,1436.0,2,1,1.00,CYCLE,S
IND,208,6423,59461,18/03/2021,12:36:52,15,1,18.0,1.1,5.0,4.5,2,1,1.00,CYCLE,S
IND,208,6423,59461,18/03/2021,12:38:28,15,1,12.2,1.0,96.1,95.9,2,1,1.00,CYCLE,S
IND,208,6423,59461,18/03/2021,12:38:28,15,1,12.2,1.0,0.0,0.0,2,1,1.00,CYCLE,S
IND,208,6423,59461,18/03/2021,13:28:38,15,1,20.6,0.8,497.1,496.9,2,1,1.00,CYCLE,S
IND,208,6423,59461,18/03/2021,14:10:45,15,1,16.7,1.1,2527.8,2527.6,2,1,1.00,CYCLE,S
IND,208,6423,59460,18/03/2021,14:16:37,15,0,17.5,1.1,1449.4,1449.3,2,1,1.00,CYCLE,N
IND,208,6423,59461,18/03/2021,14:38:49,15,1,28.0,1.0,1684.1,1683.8,2,1,1.00,CYCLE,S
IND,208,6423,59460,18/03/2021,14:56:20,15,0,12.3,1.1,2382.8,2382.6,2,1,1.00,CYCLE,N
IND,208,6423,59460,18/03/2021,15:07:49,15,0,22.9,1.0,688.7,688.3,2,1,1.00,CYCLE,N
IND,208,6423,59461,18/03/2021,15:49:41,15,1,21.7,1.1,4251.2,4251.1,2,1,1.00,CYCLE,S
IND,208,6423,59460,18/03/2021,16:00:59,15,0,27.9,1.0,3190.7,3190.5,2,1,1.00,CYCLE,N
IND,208,6423,59460,18/03/2021,16:14:11,15,0,15.0,1.1,791.9,791.8,2,1,1.00,CYCLE,N
IND,208,6423,59461,18/03/2021,16:29:03,15,1,19.2,1.0,1855.0,1854.9,2,1,1.00,CYCLE,S
IND,208,6423,59460,18/03/2021,16:29:07,15,0,12.5,1.2,895.5,895.2,2,1,1.00,CYCLE,N
IND,208,6423,59461,18/03/2021,16:35:31,15,1,11.5,1.1,1.0,0.7,2,1,1.00,CYCLE,S
IND,208,6423,59461,18/03/2021,17:07:34,15,1,12.2,1.1,1923.5,1923.1,2,1,1.00,CYCLE,S
IND,208,6423,59461,18/03/2021,17:09:07,15,1,26.6,1.0,92.6,92.2,2,1,1.00,CYCLE,S
IND,208,6423,59460,18/03/2021,17:11:50,15,0,28.4,1.0,196.4,196.0,2,1,1.00,CYCLE,N
IND,208,6423,59461,18/03/2021,17:14:19,15,1,26.8,1.0,312.3,312.1,2,1,1.00,CYCLE,S
IND,208,6423,59460,18/03/2021,17:24:09,15,0,5.7,1.0,739.2,739.0,2,1,0.80,CYCLE,N
IND,208,6423,59461,18/03/2021,17:24:38,15,1,24.0,1.1,619.1,618.9,2,1,1.00,CYCLE,S
IND,208,6423,59460,18/03/2021,17:36:43,15,0,28.1,1.0,754.2,753.6,2,1,1.00,CYCLE,N
IND,208,6423,59461,18/03/2021,18:10:51,15,1,10.4,1.1,2772.5,2772.4,2,1,1.00,CYCLE,S
IND,208,6423,59460,18/03/2021,18:21:23,15,0,14.9,1.1,2680.3,2680.2,2,1,1.00,CYCLE,N
IND,208,6423,59461,18/03/2021,18:32:40,15,1,12.2,1.1,1308.9,1308.5,2,1,1.00,CYCLE,S
IND,208,6423,59461,18/03/2021,18:34:36,15,1,3.4,1.0,116.3,115.9,2,1,0.33,CYCLE,S
IND,208,6423,59460,18/03/2021,18:37:29,15,0,8.4,1.0,966.1,965.8,2,1,0.80,CYCLE,N
IND,208,6423,59461,18/03/2021,18:42:26,15,1,10.1,1.0,121.3,120.9,2,1,0.40,CYCLE,S
IND,208,6423,59461,18/03/2021,18:44:42,15,1,15.4,1.0,135.7,135.1,2,1,1.00,CYCLE,S
IND,208,6423,59460,18/03/2021,18:44:58,15,0,13.7,1.1,448.5,448.1,2,1,1.00,CYCLE,N
IND,208,6423,59461,18/03/2021,18:52:55,15,1,4.5,1.0,78.5,77.7,2,1,0.22,CYCLE,S
IND,208,6423,59461,18/03/2021,20:05:18,15,1,2.5,1.0,4343.5,4342.2,2,1,0.67,CYCLE,S
IND,208,6423,59460,18/03/2021,21:29:53,15,0,16.8,1.1,9895.1,9894.9,2,1,1.00,CYCLE,N
IND,208,6423,59460,18/03/2021,21:29:54,15,0,15.3,1.0,1.2,0.9,2,1,1.00,CYCLE,N
IND,208,6423,59460,18/03/2021,21:29:54,15,0,15.3,1.0,0.0,0.0,2,1,1.00,CYCLE,N
IND,208,6423,59460,19/03/2021,04:28:20,15,0,10.5,0.0,23527.1,23526.9,2,1,1.00,CYCLE,N
IND,208,6423,59460,19/03/2021,04:39:59,15,0,21.0,1.1,699.3,699.3,2,1,1.00,CYCLE,N
IND,208,6423,59460,19/03/2021,04:49:41,15,0,22.8,1.1,581.4,581.2,2,1,1.00,CYCLE,N
IND,208,6423,59461,19/03/2021,05:03:23,15,1,20.5,1.2,2056.0,2056.0,2,1,1.00,CYCLE,S
IND,208,6423,59461,19/03/2021,05:29:59,15,1,24.6,1.0,1596.3,1596.1,2,1,1.00,CYCLE,S
IND,208,6423,59461,19/03/2021,05:33:37,15,1,25.7,1.1,91.3,90.4,2,1,1.00,CYCLE,S
IND,208,6423,59461,19/03/2021,05:37:51,15,1,17.6,1.0,253.7,253.5,2,1,1.00,CYCLE,S
IND,208,6423,59460,19/03/2021,06:02:51,15,0,20.5,1.0,4390.9,4390.8,2,1,1.00,CYCLE,N
IND,208,6423,59460,19/03/2021,06:04:14,15,0,27.5,1.1,82.3,82.1,2,1,1.00,CYCLE,N
IND,208,6423,59461,19/03/2021,06:28:33,15,1,24.1,1.0,228.2,227.7,2,1,1.00,CYCLE,S
IND,208,6423,59460,19/03/2021,06:40:02,15,0,23.8,1.1,1541.1,1540.4,2,1,1.00,CYCLE,N
IND,208,6423,59460,19/03/2021,06:53:16,15,0,26.4,1.0,794.5,794.3,2,1,1.00,CYCLE,N
IND,208,6423,59461,19/03/2021,06:54:14,15,1,5.2,1.0,1540.5,1540.3,2,1,0.50,CYCLE,S
IND,208,6423,59461,19/03/2021,06:54:14,15,1,5.2,1.0,0.0,0.0,2,1,0.50,CYCLE,S
IND,208,6423,59461,19/03/2021,06:57:27,15,1,2.3,0.2,193.2,192.2,2,1,1.00,CYCLE,S
IND,208,6423,59461,19/03/2021,06:57:44,15,1,25.8,1.1,16.6,15.7,2,1,1.00,CYCLE,S
IND,208,6423,59460,19/03/2021,07:01:09,15,0,19.4,1.0,473.3,473.2,2,1,1.00,CYCLE,N
IND,208,6423,59460,19/03/2021,07:01:45,15,0,30.5,1.0,35.8,35.6,2,1,1.00,CYCLE,N
IND,208,6423,59461,19/03/2021,07:11:21,15,1,3.6,1.0,817.9,817.7,2,1,0.40,CYCLE,S
IND,208,6423,59460,19/03/2021,07:11:45,15,0,20.4,1.0,599.9,599.7,2,1,1.00,CYCLE,N
IND,208,6423,59461,19/03/2021,07:14:09,15,1,16.2,1.0,167.0,166.2,2,1,0.80,CYCLE,S
IND,208,6423,59460,19/03/2021,07:20:11,15,0,17.5,1.1,165.9,164.0,2,1,1.00,CYCLE,N
IND,208,6423,59461,19/03/2021,07:21:47,15,1,18.6,1.1,458.7,458.5,2,1,1.00,CYCLE,S
IND,208,6423,59461,19/03/2021,07:40:27,15,1,9.9,1.0,519.1,519.0,2,1,1.00,CYCLE,S
IND,208,6423,59460,19/03/2021,07:48:43,15,0,10.3,1.0,1712.1,1711.9,2,1,1.00,CYCLE,N
IND,208,6423,59461,19/03/2021,07:59:31,15,1,25.4,1.0,1144.5,1144.0,2,1,1.00,CYCLE,S
IND,208,6423,59460,19/03/2021,08:03:32,15,0,24.7,1.0,889.8,889.5,2,1,1.00,CYCLE,N
IND,208,6423,59460,19/03/2021,08:11:57,15,0,22.0,1.1,504.6,504.5,2,1,1.00,CYCLE,N
IND,208,6423,59461,19/03/2021,08:23:42,15,1,27.3,1.0,1450.5,1450.4,2,1,1.00,CYCLE,S
IND,208,6423,59460,19/03/2021,08:26:26,15,0,27.3,1.0,869.3,869.1,2,1,1.00,CYCLE,N
IND,208,6423,59461,19/03/2021,08:36:08,15,1,18.3,1.1,745.9,745.8,2,1,1.00,CYCLE,S
IND,208,6423,59461,19/03/2021,08:36:10,15,1,15.9,1.0,2.1,1.9,2,1,1.00,CYCLE,S
IND,208,6423,59461,19/03/2021,08:36:12,15,1,16.2,1.1,2.1,1.9,2,1,1.00,CYCLE,S
IND,208,6423,59461,19/03/2021,08:36:22,15,1,4.5,1.0,10.0,10.0,2,1,0.73,CYCLE,S
IND,208,6423,59461,19/03/2021,09:29:37,15,1,26.9,1.0,3194.6,3193.5,2,1,1.00,CYCLE,S
IND,208,6423,59461,19/03/2021,09:31:18,15,1,12.8,1.1,101.4,101.3,2,1,1.00,CYCLE,S
IND,208,6423,59460,19/03/2021,09:45:51,15,0,18.0,1.0,4764.7,4764.6,2,1,1.00,CYCLE,N
IND,208,6423,59460,19/03/2021,09:45:51,15,0,18.0,1.0,0.0,0.0,2,1,1.00,CYCLE,N
IND,208,6423,59461,19/03/2021,10:01:43,15,1,21.0,1.0,1824.7,1824.3,2,1,1.00,CYCLE,S
IND,208,6423,59461,19/03/2021,10:43:38,15,1,18.1,1.1,2280.3,2279.4,2,1,1.00,CYCLE,S
IND,208,6423,59461,19/03/2021,10:45:38,15,1,19.6,1.1,119.9,119.7,2,1,1.00,CYCLE,S
IND,208,6423,59460,19/03/2021,11:50:47,15,0,30.5,1.1,1635.5,1635.0,2,1,1.00,CYCLE,N
IND,208,6423,59461,19/03/2021,12:35:29,15,1,21.4,1.0,4392.7,4391.8,2,1,1.00,CYCLE,S
IND,208,6423,59461,19/03/2021,12:51:22,15,1,14.4,1.0,952.1,952.0,2,1,1.00,CYCLE,S
IND,208,6423,59461,19/03/2021,13:20:44,15,1,12.8,1.0,190.7,190.8,2,1,1.00,CYCLE,S
IND,208,6423,59461,19/03/2021,13:37:21,15,1,9.5,1.0,997.0,996.7,2,1,1.00,CYCLE,S
IND,208,6423,59460,19/03/2021,13:42:23,15,0,24.0,1.0,130.1,130.2,2,1,0.80,CYCLE,N
IND,208,6423,59461,19/03/2021,13:51:28,15,1,16.2,1.1,846.8,846.3,2,1,1.00,CYCLE,S
IND,208,6423,59460,19/03/2021,14:04:26,15,0,9.9,1.0,2.6,2.5,2,1,0.80,CYCLE,N
IND,208,6423,59461,19/03/2021,14:22:07,15,1,18.9,0.9,1839.2,1838.9,2,1,1.00,CYCLE,S
IND,208,6423,59460,19/03/2021,14:31:30,15,0,20.2,1.1,1624.3,1623.9,2,1,1.00,CYCLE,N
IND,208,6423,59460,19/03/2021,14:39:56,15,0,17.4,1.1,505.4,505.2,2,1,1.00,CYCLE,N
IND,208,6423,59461,19/03/2021,14:40:06,15,1,18.3,1.1,1078.7,1078.5,2,1,1.00,CYCLE,S
IND,208,6423,59461,19/03/2021,14:57:46,15,1,28.0,0.9,1060.0,1059.8,2,1,1.00,CYCLE,S
IND,208,6423,59461,19/03/2021,14:57:50,15,1,22.9,1.0,4.2,4.1,2,1,1.00,CYCLE,S
IND,208,6423,59461,19/03/2021,14:58:00,15,1,19.4,1.0,9.8,9.6,2,1,1.00,CYCLE,S
IND,208,6423,59460,19/03/2021,15:22:06,15,0,24.3,1.1,2525.3,2525.2,2,1,1.00,CYCLE,N
IND,208,6423,59460,19/03/2021,15:25:32,15,0,32.1,1.0,206.7,206.5,2,1,1.00,CYCLE,N
IND,208,6423,59460,19/03/2021,15:28:35,15,0,27.4,1.0,182.2,182.0,2,1,1.00,CYCLE,N
IND,208,6423,59460,19/03/2021,15:36:49,15,0,27.0,1.1,494.5,494.4,2,1,1.00,CYCLE,N
IND,208,6423,59460,19/03/2021,15:42:25,15,0,15.5,1.1,335.8,335.7,2,1,1.00,CYCLE,N
IND,208,6423,59460,19/03/2021,15:52:08,15,0,19.6,1.1,582.7,582.5,2,1,1.00,CYCLE,N
IND,208,6423,59461,19/03/2021,15:55:51,15,1,26.3,1.0,3471.6,3471.4,2,1,1.00,CYCLE,S
IND,208,6423,59461,19/03/2021,16:01:43,15,1,22.3,0.9,351.2,351.1,2,1,1.00,CYCLE,S
IND,208,6423,59460,19/03/2021,16:09:36,15,0,27.9,1.1,1048.0,1047.8,2,1,1.00,CYCLE,N
IND,208,6423,59461,19/03/2021,16:13:48,15,1,17.2,1.1,725.3,725.2,2,1,1.00,CYCLE,S
IND,208,6423,59461,19/03/2021,16:25:44,15,1,21.6,1.0,715.9,715.7,2,1,1.00,CYCLE,S
IND,208,6423,59461,19/03/2021,16:25:49,15,1,26.1,1.0,4.8,4.7,2,1,1.00,CYCLE,S
IND,208,6423,59461,19/03/2021,16:35:36,15,1,5.4,1.0,118.2,118.0,2,1,0.67,CYCLE,S
IND,208,6423,59460,19/03/2021,16:37:18,15,0,27.4,1.1,1662.7,1662.6,2,1,1.00,CYCLE,N
IND,208,6423,59461,19/03/2021,16:38:11,15,1,15.5,1.0,154.9,153.8,2,1,1.00,CYCLE,S
IND,208,6423,59461,19/03/2021,16:48:49,15,1,31.8,1.0,638.3,638.0,2,1,0.18,CYCLE,S
IND,208,6423,59461,19/03/2021,17:09:55,15,1,18.9,1.0,1265.6,1265.2,2,1,1.00,CYCLE,S
IND,208,6423,59460,19/03/2021,17:18:39,15,0,40.1,1.0,2377.8,2377.8,2,1,1.00,CYCLE,N
IND,208,6423,59461,19/03/2021,17:22:26,15,1,16.5,1.0,751.5,751.3,2,1,1.00,CYCLE,S
IND,208,6423,59461,19/03/2021,17:46:00,15,1,19.7,1.1,1413.6,1413.3,2,1,1.00,CYCLE,S
IND,208,6423,59461,19/03/2021,18:05:32,15,1,6.3,1.0,868.7,868.0,2,1,0.50,CYCLE,S
IND,208,6423,59461,19/03/2021,18:05:32,15,1,6.3,1.0,0.0,0.0,2,1,0.50,CYCLE,S
IND,208,6423,59460,19/03/2021,18:11:06,15,0,31.6,1.0,3146.8,3146.7,2,1,1.00,CYCLE,N
IND,208,6423,59461,19/03/2021,18:22:21,15,1,16.2,0.6,999.1,998.3,2,1,1.00,CYCLE,S
IND,208,6423,59461,19/03/2021,18:26:11,15,1,17.5,1.1,229.4,229.3,2,1,1.00,CYCLE,S
IND,208,6423,59460,19/03/2021,18:28:41,15,0,3.3,1.0,429.6,429.7,2,1,0.74,CYCLE,N
IND,208,6423,59461,19/03/2021,18:32:02,15,1,14.5,1.1,351.6,351.4,2,1,1.00,CYCLE,S
IND,208,6423,59461,19/03/2021,18:33:56,15,1,16.5,1.0,113.4,113.1,2,1,1.00,CYCLE,S
IND,208,6423,59460,19/03/2021,18:41:52,15,0,13.5,1.0,790.5,787.8,2,1,0.53,CYCLE,N
IND,208,6423,59460,19/03/2021,18:41:52,15,0,13.5,1.0,0.0,0.0,2,1,0.53,CYCLE,N
IND,208,6423,59460,19/03/2021,18:41:52,15,0,13.5,1.0,0.0,0.0,2,1,0.53,CYCLE,N
IND,208,6423,59460,19/03/2021,18:41:52,15,0,13.5,1.0,0.0,0.0,2,1,0.53,CYCLE,N
IND,208,6423,59460,19/03/2021,18:41:52,15,0,13.5,1.0,0.0,0.0,2,1,0.53,CYCLE,N
IND,208,6423,59460,19/03/2021,18:41:52,15,0,13.5,1.0,0.0,0.0,2,1,0.53,CYCLE,N
IND,208,6423,59461,19/03/2021,19:02:15,15,1,15.9,1.0,1699.6,1699.4,2,1,1.00,CYCLE,S
IND,208,6423,59461,19/03/2021,21:34:07,15,1,14.9,1.0,9111.9,9111.6,2,1,0.89,CYCLE,S
IND,208,6423,59461,19/03/2021,21:34:07,15,1,14.9,1.0,0.0,0.0,2,1,0.89,CYCLE,S
IND,208,6423,59461,19/03/2021,21:34:09,15,1,16.1,1.0,2.4,2.1,2,1,1.00,CYCLE,S
IND,208,6423,59460,19/03/2021,21:37:12,15,0,19.7,1.1,10519.8,10519.4,2,1,1.00,CYCLE,N
IND,208,6423,59460,20/03/2021,04:55:19,15,0,21.3,1.1,26287.3,26287.1,2,1,1.00,CYCLE,N
IND,208,6423,59461,20/03/2021,05:31:19,15,1,23.4,1.0,28629.2,28629.0,2,1,1.00,CYCLE,S
IND,208,6423,59461,20/03/2021,05:31:19,15,1,23.4,1.0,0.0,0.0,2,1,1.00,CYCLE,S
IND,208,6423,59461,20/03/2021,06:07:27,15,1,24.3,1.1,2167.9,2167.6,2,1,1.00,CYCLE,S
IND,208,6423,59461,20/03/2021,06:16:47,15,1,18.4,1.1,560.5,560.3,2,1,1.00,CYCLE,S
IND,208,6423,59461,20/03/2021,06:20:06,15,1,16.2,1.1,199.2,199.0,2,1,1.00,CYCLE,S
IND,208,6423,59460,20/03/2021,06:38:36,15,0,13.6,1.1,6196.9,6196.7,2,1,1.00,CYCLE,N
IND,208,6423,59461,20/03/2021,06:39:26,15,1,18.5,1.0,1159.9,1159.6,2,1,1.00,CYCLE,S
IND,208,6423,59461,20/03/2021,06:46:08,15,1,26.8,1.1,401.5,401.3,2,1,1.00,CYCLE,S
IND,208,6423,59461,20/03/2021,06:46:08,15,1,26.8,1.0,0.7,0.5,2,1,1.00,CYCLE,S
IND,208,6423,59461,20/03/2021,06:48:02,15,1,19.6,1.0,114.1,114.0,2,1,1.00,CYCLE,S
IND,208,6423,59461,20/03/2021,06:48:02,15,1,19.6,1.0,0.0,0.0,2,1,1.00,CYCLE,S
IND,208,6423,59460,20/03/2021,06:51:11,15,0,26.1,1.0,752.7,752.7,2,1,1.00,CYCLE,N
IND,208,6423,59460,20/03/2021,06:51:11,15,0,26.1,1.0,0.0,0.0,2,1,1.00,CYCLE,N
IND,208,6423,59460,20/03/2021,06:54:55,15,0,31.0,1.0,223.8,223.7,2,1,1.00,CYCLE,N
IND,208,6423,59460,20/03/2021,06:54:55,15,0,31.0,1.0,0.4,0.3,2,1,1.00,CYCLE,N
IND,208,6423,59460,20/03/2021,06:55:01,15,0,25.0,1.0,5.8,5.7,2,1,1.00,CYCLE,N
IND,208,6423,59460,20/03/2021,06:55:02,15,0,24.9,1.0,0.7,0.5,2,1,1.00,CYCLE,N
IND,208,6423,59460,20/03/2021,06:55:02,15,0,24.9,1.0,0.0,0.0,2,1,1.00,CYCLE,N
IND,208,6423,59460,20/03/2021,06:55:02,15,0,24.9,1.0,0.0,0.0,2,1,1.00,CYCLE,N
IND,208,6423,59460,20/03/2021,06:55:03,15,0,23.9,1.0,1.4,0.7,2,1,1.00,CYCLE,N
IND,208,6423,59460,20/03/2021,06:55:04,15,0,24.5,1.0,0.6,0.4,2,1,1.00,CYCLE,N
IND,208,6423,59460,20/03/2021,06:55:04,15,0,24.4,1.0,0.7,0.5,2,1,1.00,CYCLE,N
IND,208,6423,59460,20/03/2021,06:55:05,15,0,20.6,0.9,1.2,1.1,2,1,1.00,CYCLE,N
IND,208,6423,59460,20/03/2021,06:55:06,15,0,22.7,1.0,0.3,0.2,2,1,1.00,CYCLE,N
IND,208,6423,59461,20/03/2021,07:01:16,15,1,16.1,1.0,793.6,793.3,2,1,1.00,CYCLE,S
IND,208,6423,59461,20/03/2021,07:14:47,15,1,2.5,0.6,811.3,811.6,2,1,0.80,CYCLE,S
IND,208,6423,59460,20/03/2021,07:15:48,15,0,23.6,1.0,1242.5,1242.3,2,1,1.00,CYCLE,N
IND,208,6423,59461,20/03/2021,07:17:00,15,1,8.2,1.0,133.0,132.2,2,1,1.00,CYCLE,S
IND,208,6423,59460,20/03/2021,07:17:39,15,0,28.1,1.0,110.2,110.1,2,1,1.00,CYCLE,N
IND,208,6423,59460,20/03/2021,07:19:28,15,0,12.1,1.1,109.4,109.3,2,1,1.00,CYCLE,N
IND,208,6423,59460,20/03/2021,07:21:05,15,0,17.7,1.0,97.2,96.9,2,1,1.00,CYCLE,N
IND,208,6423,59460,20/03/2021,07:21:05,15,0,18.2,1.0,0.3,0.1,2,1,1.00,CYCLE,N
IND,208,6423,59460,20/03/2021,07:32:19,15,0,9.6,1.0,674.0,673.8,2,1,1.00,CYCLE,N
IND,208,6423,59460,20/03/2021,07:32:25,15,0,19.8,1.1,5.5,5.1,2,1,1.00,CYCLE,N
IND,208,6423,59460,20/03/2021,07:32:26,15,0,18.5,1.0,1.2,1.0,2,1,1.00,CYCLE,N
IND,208,6423,59460,20/03/2021,07:32:27,15,0,17.7,1.1,0.6,0.4,2,1,1.00,CYCLE,N
IND,208,6423,59461,20/03/2021,07:49:07,15,1,2.3,0.2,1927.1,1927.1,2,1,0.80,CYCLE,S
IND,208,6423,59461,20/03/2021,07:55:49,15,1,20.3,1.1,154.5,154.4,2,1,1.00,CYCLE,S
IND,208,6423,59461,20/03/2021,07:55:49,15,1,19.5,1.0,0.4,0.2,2,1,1.00,CYCLE,S
IND,208,6423,59461,20/03/2021,07:59:47,15,1,22.7,1.0,237.5,237.3,2,1,1.00,CYCLE,S
IND,208,6423,59461,20/03/2021,07:59:47,15,1,22.7,1.0,0.0,0.0,2,1,1.00,CYCLE,S
IND,208,6423,59461,20/03/2021,08:03:30,15,1,29.3,1.0,223.3,223.0,2,1,1.00,CYCLE,S
IND,208,6423,59461,20/03/2021,08:03:43,15,1,14.9,1.1,12.8,12.7,2,1,1.00,CYCLE,S
IND,208,6423,59460,20/03/2021,08:07:18,15,0,21.1,1.0,2091.2,2091.0,2,1,1.00,CYCLE,N
IND,208,6423,59460,20/03/2021,08:08:21,15,0,30.3,1.0,63.2,63.0,2,1,1.00,CYCLE,N
IND,208,6423,59461,20/03/2021,08:11:03,15,1,25.5,1.0,203.1,202.9,2,1,1.00,CYCLE,S
IND,208,6423,59460,20/03/2021,08:18:21,15,0,25.6,1.0,599.7,599.6,2,1,1.00,CYCLE,N
IND,208,6423,59460,20/03/2021,08:20:22,15,0,24.3,1.0,121.3,121.1,2,1,1.00,CYCLE,N
IND,208,6423,59461,20/03/2021,08:20:57,15,1,25.2,1.1,594.1,593.9,2,1,1.00,CYCLE,S
IND,208,6423,59461,20/03/2021,08:21:22,15,1,26.6,1.0,24.9,24.7,2,1,1.00,CYCLE,S
IND,208,6423,59461,20/03/2021,08:22:33,15,1,2.2,1.0,71.8,71.6,2,1,0.18,CYCLE,S
IND,208,6423,59461,20/03/2021,08:24:54,15,1,25.4,1.0,140.7,138.1,2,1,1.00,CYCLE,S
IND,208,6423,59461,20/03/2021,08:33:08,15,1,2.8,1.0,493.8,493.6,2,1,0.53,CYCLE,S
IND,208,6423,59461,20/03/2021,08:33:08,15,1,2.8,1.0,0.0,0.0,2,1,0.53,CYCLE,S
IND,208,6423,59461,20/03/2021,08:33:08,15,1,2.8,1.0,0.0,0.0,2,1,0.53,CYCLE,S
IND,208,6423,59460,20/03/2021,08:42:49,15,0,27.9,1.0,1347.0,1346.9,2,1,1.00,CYCLE,N
IND,208,6423,59461,20/03/2021,08:54:31,15,1,21.4,1.0,1283.4,1281.4,2,1,1.00,CYCLE,S
IND,208,6423,59461,20/03/2021,09:01:34,15,1,25.4,1.0,423.0,422.9,2,1,1.00,CYCLE,S
IND,208,6423,59461,20/03/2021,09:14:44,15,1,13.8,1.1,789.6,789.5,2,1,1.00,CYCLE,S
IND,208,6423,59460,20/03/2021,09:32:57,15,0,22.4,1.1,3007.6,3007.5,2,1,1.00,CYCLE,N
IND,208,6423,59460,20/03/2021,09:43:18,15,0,26.3,1.0,187.9,187.3,2,1,1.00,CYCLE,N
IND,208,6423,59460,20/03/2021,09:52:46,15,0,19.7,1.0,567.2,567.0,2,1,1.00,CYCLE,N
IND,208,6423,59460,20/03/2021,09:52:46,15,0,19.7,1.0,0.0,0.0,2,1,1.00,CYCLE,N
IND,208,6423,59461,20/03/2021,09:56:25,15,1,30.1,1.0,1255.0,1254.0,2,1,1.00,CYCLE,S
IND,208,6423,59461,20/03/2021,09:58:59,15,1,29.0,1.0,153.4,153.3,2,1,1.00,CYCLE,S
IND,208,6423,59460,20/03/2021,09:59:00,15,0,29.9,1.0,374.2,373.9,2,1,1.00,CYCLE,N
IND,208,6423,59461,20/03/2021,10:00:32,15,1,16.6,1.1,93.2,93.1,2,1,1.00,CYCLE,S
IND,208,6423,59461,20/03/2021,10:00:32,15,1,17.1,1.1,0.4,0.2,2,1,1.00,CYCLE,S
IND,208,6423,59460,20/03/2021,10:01:31,15,0,29.4,1.0,151.1,151.0,2,1,1.00,CYCLE,N
IND,208,6423,59461,20/03/2021,10:04:06,15,1,16.9,1.0,213.7,213.5,2,1,1.00,CYCLE,S
IND,208,6423,59460,20/03/2021,10:04:59,15,0,27.0,1.1,208.4,208.3,2,1,1.00,CYCLE,N
IND,208,6423,59461,20/03/2021,10:13:41,15,1,6.0,0.3,296.8,296.6,2,1,1.00,CYCLE,S
IND,208,6423,59461,20/03/2021,10:14:44,15,1,13.8,1.0,62.5,62.3,2,1,1.00,CYCLE,S
IND,208,6423,59461,20/03/2021,10:14:45,15,1,13.0,1.0,1.0,0.7,2,1,1.00,CYCLE,S
IND,208,6423,59461,20/03/2021,10:14:46,15,1,13.1,1.0,0.9,0.7,2,1,1.00,CYCLE,S
IND,208,6423,59460,20/03/2021,10:26:54,15,0,26.4,1.1,407.2,405.8,2,1,1.00,CYCLE,N
IND,208,6423,59461,20/03/2021,10:28:28,15,1,19.1,0.9,691.8,691.7,2,1,1.00,CYCLE,S
IND,208,6423,59460,20/03/2021,10:34:00,15,0,17.9,1.0,0.7,0.4,2,1,1.00,CYCLE,N
IND,208,6423,59460,20/03/2021,10:34:01,15,0,17.1,1.0,0.8,0.7,2,1,1.00,CYCLE,N
IND,208,6423,59461,20/03/2021,10:39:21,15,1,16.9,0.9,652.8,652.7,2,1,1.00,CYCLE,S
IND,208,6423,59461,20/03/2021,10:45:12,15,1,22.1,0.9,351.9,351.7,2,1,1.00,CYCLE,S
IND,208,6423,59461,20/03/2021,10:54:44,15,1,19.2,1.0,571.2,571.1,2,1,1.00,CYCLE,S
IND,208,6423,59460,20/03/2021,11:01:53,15,0,15.9,1.0,1537.5,1537.1,2,1,1.00,CYCLE,N
IND,208,6423,59460,20/03/2021,11:01:53,15,0,15.9,1.0,0.0,0.0,2,1,1.00,CYCLE,N
IND,208,6423,59461,20/03/2021,11:06:45,15,1,21.5,0.9,721.8,721.6,2,1,1.00,CYCLE,S
IND,208,6423,59461,20/03/2021,11:12:41,15,1,9.9,1.0,356.0,355.9,2,1,0.80,CYCLE,S
IND,208,6423,59461,20/03/2021,11:12:49,15,1,5.8,0.8,7.8,7.5,2,1,1.00,CYCLE,S
IND,208,6423,59461,20/03/2021,11:16:30,15,1,41.1,1.0,220.7,220.1,2,1,1.00,CYCLE,S
IND,208,6423,59460,20/03/2021,11:38:03,15,0,28.8,1.1,307.5,307.4,2,1,1.00,CYCLE,N
IND,208,6423,59461,20/03/2021,11:40:15,15,1,18.4,1.0,1425.5,1425.5,2,1,1.00,CYCLE,S
IND,208,6423,59460,20/03/2021,11:45:22,15,0,21.5,1.1,438.9,438.7,2,1,1.00,CYCLE,N
IND,208,6423,59460,20/03/2021,11:45:36,15,0,13.9,1.1,14.0,13.8,2,1,1.00,CYCLE,N
IND,208,6423,59461,20/03/2021,11:46:49,15,1,21.9,1.0,394.0,393.8,2,1,1.00,CYCLE,S
IND,208,6423,59460,20/03/2021,11:52:30,15,0,26.0,1.1,413.6,413.3,2,1,1.00,CYCLE,N
IND,208,6423,59461,20/03/2021,11:54:19,15,1,17.6,1.0,449.5,449.4,2,1,1.00,CYCLE,S
IND,208,6423,59460,20/03/2021,12:02:41,15,0,25.0,1.0,610.8,610.7,2,1,0.86,CYCLE,N
IND,208,6423,59461,20/03/2021,12:02:49,15,1,18.7,0.9,509.9,509.7,2,1,1.00,CYCLE,S
IND,208,6423,59461,20/03/2021,12:02:49,15,1,19.3,0.9,0.3,0.1,2,1,1.00,CYCLE,S
IND,208,6423,59460,20/03/2021,12:07:48,15,0,34.4,1.2,307.1,306.9,2,1,1.00,CYCLE,N
IND,208,6423,59461,20/03/2021,12:08:22,15,1,13.7,0.9,333.3,333.2,2,1,1.00,CYCLE,S
IND,208,6423,59460,20/03/2021,12:08:28,15,0,4.9,1.0,40.5,40.4,2,1,0.40,CYCLE,N
IND,208,6423,59460,20/03/2021,12:08:28,15,0,4.9,1.0,0.0,0.0,2,1,0.40,CYCLE,N
IND,208,6423,59460,20/03/2021,12:11:59,15,0,23.4,1.0,211.3,209.8,2,1,1.00,CYCLE,N
IND,208,6423,59461,20/03/2021,12:12:48,15,1,20.9,1.1,265.5,265.3,2,1,1.00,CYCLE,S
IND,208,6423,59460,20/03/2021,12:15:03,15,0,24.4,1.1,34.4,34.2,2,1,1.00,CYCLE,N
IND,208,6423,59461,20/03/2021,12:52:35,15,1,20.5,1.0,2387.0,2386.8,2,1,1.00,CYCLE,S
IND,208,6423,59461,20/03/2021,12:52:35,15,1,20.0,1.0,0.3,0.1,2,1,1.00,CYCLE,S
IND,208,6423,59461,20/03/2021,12:57:07,15,1,20.0,1.0,271.7,271.6,2,1,1.00,CYCLE,S
IND,208,6423,59460,20/03/2021,13:00:38,15,0,26.5,1.1,2735.7,2735.5,2,1,1.00,CYCLE,N
IND,208,6423,59460,20/03/2021,13:07:32,15,0,27.1,1.1,413.8,413.7,2,1,1.00,CYCLE,N
IND,208,6423,59460,20/03/2021,13:07:48,15,0,26.6,1.0,15.6,15.4,2,1,1.00,CYCLE,N
IND,208,6423,59460,20/03/2021,13:07:49,15,0,24.9,1.0,1.1,0.9,2,1,1.00,CYCLE,N
IND,208,6423,59460,20/03/2021,13:12:08,15,0,16.7,1.0,259.0,258.9,2,1,1.00,CYCLE,N
IND,208,6423,59460,20/03/2021,13:12:08,15,0,16.7,1.0,0.0,0.0,2,1,1.00,CYCLE,N
IND,208,6423,59461,20/03/2021,13:14:08,15,1,37.5,1.0,1020.9,1020.7,2,1,1.00,CYCLE,S
IND,208,6423,59461,20/03/2021,13:20:34,15,1,13.6,1.0,386.5,386.4,2,1,1.00,CYCLE,S
IND,208,6423,59461,20/03/2021,13:20:34,15,1,13.6,1.0,0.0,0.0,2,1,1.00,CYCLE,S
IND,208,6423,59461,20/03/2021,13:32:39,15,1,16.3,1.1,565.8,565.6,2,1,1.00,CYCLE,S
IND,208,6423,59461,20/03/2021,13:32:40,15,1,14.0,1.0,1.1,0.9,2,1,1.00,CYCLE,S
IND,208,6423,59461,20/03/2021,14:12:15,15,1,14.0,1.0,2374.4,2374.2,2,1,1.00,CYCLE,S
IND,208,6423,59461,20/03/2021,14:12:15,15,1,14.0,1.0,0.0,0.0,2,1,1.00,CYCLE,S
IND,208,6423,59460,20/03/2021,14:18:10,15,0,4.5,1.0,3340.1,3339.8,2,1,0.67,CYCLE,N
IND,208,6423,59460,20/03/2021,14:22:45,15,0,31.0,1.1,92.7,92.7,2,1,1.00,CYCLE,N
IND,208,6423,59460,20/03/2021,14:28:52,15,0,27.7,1.1,367.4,367.2,2,1,1.00,CYCLE,N
IND,208,6423,59460,20/03/2021,14:29:25,15,0,28.1,1.1,33.3,33.1,2,1,1.00,CYCLE,N
IND,208,6423,59461,20/03/2021,14:40:02,15,1,21.3,1.0,1667.0,1666.4,2,1,1.00,CYCLE,S
IND,208,6423,59460,20/03/2021,14:40:17,15,0,13.4,1.0,651.7,651.6,2,1,1.00,CYCLE,N
IND,208,6423,59460,20/03/2021,14:40:17,15,0,13.4,1.0,0.0,0.0,2,1,1.00,CYCLE,N
IND,208,6423,59460,20/03/2021,14:52:30,15,0,38.4,1.1,732.7,732.4,2,1,1.00,CYCLE,N
IND,208,6423,59460,20/03/2021,15:05:53,15,0,29.3,1.0,803.3,803.2,2,1,1.00,CYCLE,N
IND,208,6423,59461,20/03/2021,15:27:22,15,1,18.7,1.0,2839.6,2839.5,2,1,1.00,CYCLE,S
IND,208,6423,59460,20/03/2021,15:36:19,15,0,21.9,1.1,1825.4,1825.3,2,1,1.00,CYCLE,N
IND,208,6423,59461,20/03/2021,15:46:13,15,1,15.9,1.0,76.8,76.1,2,1,1.00,CYCLE,S
IND,208,6423,59461,20/03/2021,16:10:01,15,1,19.6,1.0,258.9,258.7,2,1,1.00,CYCLE,S
IND,208,6423,59460,20/03/2021,16:14:09,15,0,12.6,1.0,2270.1,2269.9,2,1,1.00,CYCLE,N
IND,208,6423,59460,20/03/2021,16:14:09,15,0,12.6,1.0,0.0,0.0,2,1,1.00,CYCLE,N
IND,208,6423,59460,20/03/2021,16:38:47,15,0,12.8,0.6,986.9,986.9,2,1,1.00,CYCLE,N
IND,208,6423,59460,20/03/2021,16:42:59,15,0,27.5,1.2,252.1,251.9,2,1,1.00,CYCLE,N
IND,208,6423,59460,20/03/2021,16:44:53,15,0,4.6,0.7,63.6,63.6,2,1,0.80,CYCLE,N
IND,208,6423,59461,20/03/2021,16:46:44,15,1,4.4,1.0,675.5,675.1,2,1,0.57,CYCLE,S
IND,208,6423,59461,20/03/2021,16:46:44,15,1,4.4,1.0,0.0,0.0,2,1,0.57,CYCLE,S
IND,208,6423,59461,20/03/2021,16:49:33,15,1,19.0,1.0,169.6,168.3,2,1,1.00,CYCLE,S
IND,208,6423,59461,20/03/2021,17:02:02,15,1,15.0,1.1,748.4,748.3,2,1,1.00,CYCLE,S
IND,208,6423,59460,20/03/2021,17:11:12,15,0,16.9,0.7,1579.3,1578.7,2,1,1.00,CYCLE,N
IND,208,6423,59461,20/03/2021,17:14:47,15,1,18.1,0.9,765.9,765.6,2,1,1.00,CYCLE,S
IND,208,6423,59460,20/03/2021,17:20:18,15,0,23.5,1.0,545.6,545.5,2,1,1.00,CYCLE,N
IND,208,6423,59461,20/03/2021,17:27:44,15,1,12.0,0.3,776.7,776.6,2,1,1.00,CYCLE,S
IND,208,6423,59460,20/03/2021,18:13:43,15,0,28.9,1.1,3204.6,3204.4,2,1,1.00,CYCLE,N
IND,208,6423,59461,20/03/2021,18:21:12,15,1,21.2,1.0,3208.3,3208.1,2,1,1.00,CYCLE,S
IND,208,6423,59461,20/03/2021,18:32:46,15,1,13.9,1.0,693.5,693.3,2,1,1.00,CYCLE,S
IND,208,6423,59461,20/03/2021,18:32:46,15,1,13.9,1.0,0.0,0.0,2,1,1.00,CYCLE,S
IND,208,6423,59461,20/03/2021,18:58:13,15,1,16.0,1.1,1275.1,1274.1,2,1,1.00,CYCLE,S
IND,208,6423,59461,20/03/2021,19:18:56,15,1,9.1,1.1,1243.3,1243.2,2,1,1.00,CYCLE,S
IND,208,6423,59461,20/03/2021,19:19:01,15,1,10.3,1.0,5.5,5.0,2,1,1.00,CYCLE,S
IND,208,6423,59461,20/03/2021,19:41:01,15,1,11.8,1.1,1319.6,1319.3,2,1,1.00,CYCLE,S
IND,208,6423,59460,21/03/2021,06:40:49,15,0,11.8,1.1,23614.6,23614.6,2,1,1.00,CYCLE,N
IND,208,6423,59461,21/03/2021,07:24:35,15,1,17.0,1.0,1250.6,1249.6,2,1,1.00,CYCLE,S
IND,208,6423,59460,21/03/2021,07:34:16,15,0,25.7,1.0,3207.2,3206.8,2,1,1.00,CYCLE,N
IND,208,6423,59461,21/03/2021,08:33:54,15,1,21.2,1.0,2381.5,2381.2,2,1,1.00,CYCLE,S
IND,208,6423,59461,21/03/2021,08:37:34,15,1,22.4,1.0,219.6,219.5,2,1,1.00,CYCLE,S
IND,208,6423,59460,21/03/2021,08:49:27,15,0,22.2,1.0,2420.9,2420.9,2,1,1.00,CYCLE,N
IND,208,6423,59460,21/03/2021,08:49:27,15,0,22.2,1.0,0.0,0.0,2,1,1.00,CYCLE,N
IND,208,6423,59461,21/03/2021,09:04:03,15,1,12.4,1.0,1589.4,1589.3,2,1,1.00,CYCLE,S
IND,208,6423,59461,21/03/2021,09:24:15,15,1,15.3,1.1,1211.9,1211.6,2,1,1.00,CYCLE,S
IND,208,6423,59460,21/03/2021,09:30:13,15,0,18.0,1.1,2445.9,2445.7,2,1,1.00,CYCLE,N
IND,208,6423,59461,21/03/2021,09:47:51,15,1,1.8,0.4,1416.3,1416.7,2,1,0.80,CYCLE,S
IND,208,6423,59461,21/03/2021,09:58:16,15,1,16.4,1.0,625.1,624.4,2,1,1.00,CYCLE,S
IND,208,6423,59461,21/03/2021,11:20:54,15,1,11.1,1.1,4394.5,4394.4,2,1,1.00,CYCLE,S
IND,208,6423,59460,21/03/2021,11:29:36,15,0,9.7,0.6,7163.4,7163.1,2,1,1.00,CYCLE,N
IND,208,6423,59460,21/03/2021,11:29:57,15,0,11.1,1.0,20.5,20.2,2,1,1.00,CYCLE,N
IND,208,6423,59461,21/03/2021,12:28:35,15,1,13.9,1.1,998.5,998.4,2,1,1.00,CYCLE,S
IND,208,6423,59461,21/03/2021,12:35:03,15,1,8.8,0.5,388.2,388.0,2,1,0.80,CYCLE,S
IND,208,6423,59461,21/03/2021,13:17:15,15,1,22.9,1.2,2532.0,2531.7,2,1,1.00,CYCLE,S
IND,208,6423,59461,21/03/2021,14:38:05,15,1,23.1,1.1,4849.9,4849.7,2,1,1.00,CYCLE,S
IND,208,6423,59461,21/03/2021,15:01:50,15,1,2.8,0.4,1424.7,1424.9,2,1,1.00,CYCLE,S
IND,208,6423,59461,21/03/2021,15:17:24,15,1,2.0,0.3,933.6,933.2,2,1,0.80,CYCLE,S
IND,208,6423,59461,21/03/2021,15:37:44,15,1,22.7,1.1,1220.7,1219.7,2,1,1.00,CYCLE,S
IND,208,6423,59460,21/03/2021,16:12:46,15,0,18.7,1.1,16969.2,16968.8,2,1,1.00,CYCLE,N
IND,208,6423,59461,21/03/2021,17:58:05,15,1,25.4,1.1,8420.8,8420.7,2,1,1.00,CYCLE,S
